12.30

12,13,14,15,16,17,18,19,20,21,22,23,
0,1,2,3,4,5,6,7,8,9,10,11

real
0.5279783393501805,0.9196750902527075,0.9819494584837545,0.9503610108303249,0.8393501805054152,0.6696750902527075,0.45306859205776173,0.20667870036101083,0.0,0.0,0.0,0.0,
0.0,0.0,0.0,0.0,0.0,0.0,0.0,0.0,0.10469314079422383,0.3276173285198556,0.5649819494584838,0.766245487364621

predict
0.8587,0.9163,0.9257,0.8626,0.7489,0.5763,0.3483,0.1403,0.0000,0.0000,0.0000,0.0000,
0.0000,0.0000,0.0000,0.0000,0.0000,0.0000,0.0000,0.0000,0.0948,0.2982,0.5015,0.6799

12.29
real
0.9070397111913358,0.9494584837545126,0.9945848375451264,0.9431407942238267,0.8375451263537906,0.6678700361010831,0.45216606498194944,0.20487364620938628,0.0,0.0,0.0,0.0,

0.0,0.0, 0.0, 0.0, 0.0, 0.0, 0.0, 0.0, 0.09927797833935018,0.33212996389891697,0.555956678700361,0.7184115523465704

predict
0.8716,0.9272,0.9366,0.8790,0.7749,0.5987,0.3664,0.1528,0.0000,0.0000,0.0000,0.0000,
0.0000,0.0000,0.0000,0.0000,0.0000,0.0000,0.0000,0.0000,0.0797,0.2832,0.4918,0.6782



8.1

12,13,14,15,16,17,18,19,20,21,22,23,
0,1,2,3,4,5,6,7,8,9,10,11

real
0.6678700361010831,0.6335740072202166,0.7256317689530686,0.6868231046931408,0.605595667870036,0.3167870036101083,0.12003610108303249,0.02707581227436823,0.0,0.0,0.0,0.0,
0.0,0.0,0.0,0.0,0.0,0.0,0.0,0.0,0.0,0.10108303249097472,0.32581227436823107,0.5180505415162455

predict
0.6242,0.6917,0.7073,0.6568,0.5591,0.3974,0.2169,0.0262,0.0000,0.0000,0.0000,0.0000,
0.0000,0.0000,0.0000,0.0000,0.0000,0.0000,0.0000,0.0000,0.0025,0.1370,0.3036,0.4797

8.2
real
0.5216606498194946,0.7581227436823105,0.776173285198556,0.7328519855595668,0.4657039711191336,0.44945848375451264,0.1371841155234657,0.030685920577617327,0.0,0.0,0.0,0.0,
0.0,0.0,0.0,0.0,0.0,0.0,0.0,0.0,0.0,0.12364620938628158,0.3285198555956679,0.5207581227436823

predict
0.4737,0.5251,0.5398,0.5117,0.4445,0.3180,0.1746,0.0178,0.0000,0.0000,0.0000,0.0000,
0.0000,0.0000,0.0000,0.0000,0.0000,0.0000,0.0000,0.0000,0.0024,0.1240,0.2654,0.4087
